2.5000e-02
5.0000e-02
7.5000e-02
1.0000e-01
1.2500e-01
1.5000e-01
1.7500e-01
2.0000e-01
2.2500e-01
2.5000e-01
2.7500e-01
3.0000e-01
3.2500e-01
3.5000e-01
3.7500e-01
4.0000e-01
4.2500e-01
4.5000e-01
4.7500e-01
5.0000e-01
5.2500e-01
5.5000e-01
5.7500e-01
6.0000e-01
6.2500e-01
6.5000e-01
6.7500e-01
7.0000e-01
7.2500e-01
7.5000e-01
7.7500e-01
8.0000e-01
8.2500e-01
8.5000e-01
8.7500e-01
9.0000e-01
9.2500e-01
9.5000e-01
9.7500e-01
1.0000e+00
1.0250e+00
1.0500e+00
1.0750e+00
1.1000e+00
1.1250e+00
1.1500e+00
1.1750e+00
1.2000e+00
1.2250e+00
1.2500e+00
1.2750e+00
1.3000e+00
1.3250e+00
1.3500e+00
1.3750e+00
1.4000e+00
1.4250e+00
1.4500e+00
1.4750e+00
1.5000e+00
1.5250e+00
1.5500e+00
1.5750e+00
1.6000e+00
1.6250e+00
1.6500e+00
1.6750e+00
1.7000e+00
1.7250e+00
1.7500e+00
1.7750e+00
1.8000e+00
1.8250e+00
1.8500e+00
1.8750e+00
1.9000e+00
1.9250e+00
1.9500e+00
1.9750e+00
2.0000e+00
2.0250e+00
2.0500e+00
2.0750e+00
2.1000e+00
2.1250e+00
2.1500e+00
2.1750e+00
2.2000e+00
2.2250e+00
2.2500e+00
2.2750e+00
2.3000e+00
2.3250e+00
2.3500e+00
2.3750e+00
2.4000e+00
2.4250e+00
2.4500e+00
2.4750e+00
2.5000e+00
2.5250e+00
2.5500e+00
2.5750e+00
2.6000e+00
2.6250e+00
2.6500e+00
2.6750e+00
2.7000e+00
2.7250e+00
2.7500e+00
2.7750e+00
2.8000e+00
2.8250e+00
2.8500e+00
2.8750e+00
2.9000e+00
2.9250e+00
2.9500e+00
2.9750e+00
3.0000e+00
3.0250e+00
3.0500e+00
3.0750e+00
3.1000e+00
3.1250e+00
3.1500e+00
3.1750e+00
3.2000e+00
3.2250e+00
3.2500e+00
3.2750e+00
3.3000e+00
3.3250e+00
3.3500e+00
3.3750e+00
3.4000e+00
3.4250e+00
3.4500e+00
3.4750e+00
3.5000e+00
3.5250e+00
3.5500e+00
3.5750e+00
3.6000e+00
3.6250e+00
3.6500e+00
3.6750e+00
3.7000e+00
3.7250e+00
3.7500e+00
3.7750e+00
3.8000e+00
3.8250e+00
3.8500e+00
3.8750e+00
3.9000e+00
3.9250e+00
3.9500e+00
3.9750e+00
4.0000e+00
4.0250e+00
4.0500e+00
4.0750e+00
4.1000e+00
4.1250e+00
4.1500e+00
4.1750e+00
4.2000e+00
4.2250e+00
4.2500e+00
4.2750e+00
4.3000e+00
4.3250e+00
4.3500e+00
4.3750e+00
4.4000e+00
4.4250e+00
4.4500e+00
4.4750e+00
4.5000e+00
4.5250e+00
4.5500e+00
4.5750e+00
4.6000e+00
4.6250e+00
4.6500e+00
4.6750e+00
4.7000e+00
4.7250e+00
4.7500e+00
4.7750e+00
4.8000e+00
4.8250e+00
4.8500e+00
4.8750e+00
4.9000e+00
4.9250e+00
4.9500e+00
4.9750e+00
5.0000e+00
5.0250e+00
5.0500e+00
5.0750e+00
5.1000e+00
5.1250e+00
5.1500e+00
5.1750e+00
5.2000e+00
5.2250e+00
5.2500e+00
5.2750e+00
5.3000e+00
5.3250e+00
5.3500e+00
5.3750e+00
5.4000e+00
5.4250e+00
5.4500e+00
5.4750e+00
5.5000e+00
5.5250e+00
5.5500e+00
5.5750e+00
5.6000e+00
5.6250e+00
5.6500e+00
5.6750e+00
5.7000e+00
5.7250e+00
5.7500e+00
5.7750e+00
5.8000e+00
5.8250e+00
5.8500e+00
5.8750e+00
5.9000e+00
5.9250e+00
5.9500e+00
5.9750e+00
6.0000e+00
6.0250e+00
6.0500e+00
6.0750e+00
6.1000e+00
6.1250e+00
6.1500e+00
6.1750e+00
6.2000e+00
6.2250e+00
6.2500e+00
6.2750e+00
6.3000e+00
6.3250e+00
6.3500e+00
6.3750e+00
6.4000e+00
6.4250e+00
6.4500e+00
6.4750e+00
6.5000e+00
6.5250e+00
6.5500e+00
6.5750e+00
6.6000e+00
6.6250e+00
6.6500e+00
6.6750e+00
6.7000e+00
6.7250e+00
6.7500e+00
6.7750e+00
6.8000e+00
6.8250e+00
6.8500e+00
6.8750e+00
6.9000e+00
6.9250e+00
6.9500e+00
6.9750e+00
7.0000e+00
7.0250e+00
7.0500e+00
7.0750e+00
7.1000e+00
7.1250e+00
7.1500e+00
7.1750e+00
7.2000e+00
7.2250e+00
7.2500e+00
7.2750e+00
7.3000e+00
7.3250e+00
7.3500e+00
7.3750e+00
7.4000e+00
7.4250e+00
7.4500e+00
7.4750e+00
7.5000e+00
7.5250e+00
7.5500e+00
7.5750e+00
7.6000e+00
7.6250e+00
7.6500e+00
7.6750e+00
7.7000e+00
7.7250e+00
7.7500e+00
7.7750e+00
7.8000e+00
7.8250e+00
7.8500e+00
7.8750e+00
7.9000e+00
7.9250e+00
7.9500e+00
7.9750e+00
8.0000e+00
8.0250e+00
8.0500e+00
8.0750e+00
8.1000e+00
8.1250e+00
8.1500e+00
8.1750e+00
8.2000e+00
8.2250e+00
8.2500e+00
8.2750e+00
8.3000e+00
8.3250e+00
8.3500e+00
8.3750e+00
8.4000e+00
8.4250e+00
8.4500e+00
8.4750e+00
8.5000e+00
8.5250e+00
8.5500e+00
8.5750e+00
8.6000e+00
8.6250e+00
8.6500e+00
8.6750e+00
8.7000e+00
8.7250e+00
8.7500e+00
8.7750e+00
8.8000e+00
8.8250e+00
8.8500e+00
8.8750e+00
8.9000e+00
8.9250e+00
8.9500e+00
8.9750e+00
9.0000e+00
9.0250e+00
9.0500e+00
9.0750e+00
9.1000e+00
9.1250e+00
9.1500e+00
9.1750e+00
9.2000e+00
9.2250e+00
9.2500e+00
9.2750e+00
9.3000e+00
9.3250e+00
9.3500e+00
9.3750e+00
9.4000e+00
9.4250e+00
9.4500e+00
9.4750e+00
9.5000e+00
9.5250e+00
9.5500e+00
9.5750e+00
9.6000e+00
9.6250e+00
9.6500e+00
9.6750e+00
9.7000e+00
9.7250e+00
9.7500e+00
9.7750e+00
9.8000e+00
9.8250e+00
9.8500e+00
9.8750e+00
9.9000e+00
9.9250e+00
9.9500e+00
9.9750e+00
1.0000e+01
1.0025e+01
1.0050e+01
1.0075e+01
1.0100e+01
1.0125e+01
1.0150e+01
1.0175e+01
1.0200e+01
1.0225e+01
1.0250e+01
1.0275e+01
1.0300e+01
1.0325e+01
1.0350e+01
1.0375e+01
1.0400e+01
1.0425e+01
1.0450e+01
1.0475e+01
1.0500e+01
1.0525e+01
1.0550e+01
1.0575e+01
1.0600e+01
1.0625e+01
1.0650e+01
1.0675e+01
1.0700e+01
1.0725e+01
1.0750e+01
1.0775e+01
1.0800e+01
1.0825e+01
1.0850e+01
1.0875e+01
1.0900e+01
1.0925e+01
1.0950e+01
1.0975e+01
1.1000e+01
1.1025e+01
1.1050e+01
1.1075e+01
1.1100e+01
1.1125e+01
1.1150e+01
1.1175e+01
1.1200e+01
1.1225e+01
1.1250e+01
1.1275e+01
1.1300e+01
1.1325e+01
1.1350e+01
1.1375e+01
1.1400e+01
1.1425e+01
1.1450e+01
1.1475e+01
1.1500e+01
1.1525e+01
1.1550e+01
1.1575e+01
1.1600e+01
1.1625e+01
1.1650e+01
1.1675e+01
1.1700e+01
1.1725e+01
1.1750e+01
1.1775e+01
1.1800e+01
1.1825e+01
1.1850e+01
1.1875e+01
1.1900e+01
1.1925e+01
1.1950e+01
1.1975e+01
1.2000e+01
1.2025e+01
1.2050e+01
1.2075e+01
1.2100e+01
1.2125e+01
1.2150e+01
1.2175e+01
1.2200e+01
1.2225e+01
1.2250e+01
1.2275e+01
1.2300e+01
1.2325e+01
1.2350e+01
1.2375e+01
1.2400e+01
1.2425e+01
1.2450e+01
1.2475e+01
1.2500e+01
1.2525e+01
1.2550e+01
1.2575e+01
1.2600e+01
1.2625e+01
1.2650e+01
1.2675e+01
1.2700e+01
1.2725e+01
1.2750e+01
1.2775e+01
1.2800e+01
1.2825e+01
1.2850e+01
1.2875e+01
1.2900e+01
1.2925e+01
1.2950e+01
1.2975e+01
1.3000e+01
1.3025e+01
1.3050e+01
1.3075e+01
1.3100e+01
1.3125e+01
1.3150e+01
1.3175e+01
1.3200e+01
1.3225e+01
1.3250e+01
1.3275e+01
1.3300e+01
1.3325e+01
1.3350e+01
1.3375e+01
1.3400e+01
1.3425e+01
1.3450e+01
1.3475e+01
1.3500e+01
1.3525e+01
1.3550e+01
1.3575e+01
1.3600e+01
1.3625e+01
1.3650e+01
1.3675e+01
1.3700e+01
1.3725e+01
1.3750e+01
1.3775e+01
1.3800e+01
1.3825e+01
1.3850e+01
1.3875e+01
1.3900e+01
1.3925e+01
1.3950e+01
1.3975e+01
1.4000e+01
1.4025e+01
1.4050e+01
1.4075e+01
1.4100e+01
1.4125e+01
1.4150e+01
1.4175e+01
1.4200e+01
1.4225e+01
1.4250e+01
1.4275e+01
1.4300e+01
1.4325e+01
1.4350e+01
1.4375e+01
1.4400e+01
1.4425e+01
1.4450e+01
1.4475e+01
1.4500e+01
1.4525e+01
1.4550e+01
1.4575e+01
1.4600e+01
1.4625e+01
1.4650e+01
1.4675e+01
1.4700e+01
1.4725e+01
1.4750e+01
1.4775e+01
1.4800e+01
1.4825e+01
1.4850e+01
1.4875e+01
1.4900e+01
1.4925e+01
1.4950e+01
1.4975e+01
1.5000e+01
1.5025e+01
1.5050e+01
1.5075e+01
1.5100e+01
1.5125e+01
1.5150e+01
1.5175e+01
1.5200e+01
1.5225e+01
1.5250e+01
1.5275e+01
1.5300e+01
1.5325e+01
1.5350e+01
1.5375e+01
1.5400e+01
1.5425e+01
1.5450e+01
1.5475e+01
1.5500e+01
1.5525e+01
1.5550e+01
1.5575e+01
1.5600e+01
1.5625e+01
1.5650e+01
1.5675e+01
1.5700e+01
1.5725e+01
1.5750e+01
1.5775e+01
1.5800e+01
1.5825e+01
1.5850e+01
1.5875e+01
1.5900e+01
1.5925e+01
1.5950e+01
1.5975e+01
1.6000e+01
1.6025e+01
1.6050e+01
1.6075e+01
1.6100e+01
1.6125e+01
1.6150e+01
1.6175e+01
1.6200e+01
1.6225e+01
1.6250e+01
1.6275e+01
1.6300e+01
1.6325e+01
1.6350e+01
1.6375e+01
1.6400e+01
1.6425e+01
1.6450e+01
1.6475e+01
1.6500e+01
1.6525e+01
1.6550e+01
1.6575e+01
1.6600e+01
1.6625e+01
1.6650e+01
1.6675e+01
1.6700e+01
1.6725e+01
1.6750e+01
1.6775e+01
1.6800e+01
1.6825e+01
1.6850e+01
1.6875e+01
1.6900e+01
1.6925e+01
1.6950e+01
1.6975e+01
1.7000e+01
1.7025e+01
1.7050e+01
1.7075e+01
1.7100e+01
1.7125e+01
1.7150e+01
1.7175e+01
1.7200e+01
1.7225e+01
1.7250e+01
1.7275e+01
1.7300e+01
1.7325e+01
1.7350e+01
1.7375e+01
1.7400e+01
1.7425e+01
1.7450e+01
1.7475e+01
1.7500e+01
1.7525e+01
1.7550e+01
1.7575e+01
1.7600e+01
1.7625e+01
1.7650e+01
1.7675e+01
1.7700e+01
1.7725e+01
1.7750e+01
1.7775e+01
1.7800e+01
1.7825e+01
1.7850e+01
1.7875e+01
1.7900e+01
1.7925e+01
1.7950e+01
1.7975e+01
1.8000e+01
1.8025e+01
1.8050e+01
1.8075e+01
1.8100e+01
1.8125e+01
1.8150e+01
1.8175e+01
1.8200e+01
1.8225e+01
1.8250e+01
1.8275e+01
1.8300e+01
1.8325e+01
1.8350e+01
1.8375e+01
1.8400e+01
1.8425e+01
1.8450e+01
1.8475e+01
1.8500e+01
1.8525e+01
1.8550e+01
1.8575e+01
1.8600e+01
1.8625e+01
1.8650e+01
1.8675e+01
1.8700e+01
1.8725e+01
1.8750e+01
1.8775e+01
1.8800e+01
1.8825e+01
1.8850e+01
1.8875e+01
1.8900e+01
1.8925e+01
1.8950e+01
1.8975e+01
1.9000e+01
1.9025e+01
1.9050e+01
1.9075e+01
1.9100e+01
1.9125e+01
1.9150e+01
1.9175e+01
1.9200e+01
1.9225e+01
1.9250e+01
1.9275e+01
1.9300e+01
1.9325e+01
1.9350e+01
1.9375e+01
1.9400e+01
1.9425e+01
1.9450e+01
1.9475e+01
1.9500e+01
1.9525e+01
1.9550e+01
1.9575e+01
1.9600e+01
1.9625e+01
1.9650e+01
1.9675e+01
1.9700e+01
1.9725e+01
1.9750e+01
1.9775e+01
1.9800e+01
1.9825e+01
1.9850e+01
1.9875e+01
1.9900e+01
1.9925e+01
1.9950e+01
1.9975e+01
2.0000e+01
2.0025e+01
2.0050e+01
2.0075e+01
2.0100e+01
2.0125e+01
2.0150e+01
2.0175e+01
2.0200e+01
2.0225e+01
2.0250e+01
2.0275e+01
2.0300e+01
2.0325e+01
2.0350e+01
2.0375e+01
2.0400e+01
2.0425e+01
2.0450e+01
2.0475e+01
2.0500e+01
2.0525e+01
2.0550e+01
2.0575e+01
2.0600e+01
2.0625e+01
2.0650e+01
2.0675e+01
2.0700e+01
2.0725e+01
2.0750e+01
2.0775e+01
2.0800e+01
2.0825e+01
2.0850e+01
2.0875e+01
2.0900e+01
2.0925e+01
2.0950e+01
2.0975e+01
2.1000e+01
2.1025e+01
2.1050e+01
2.1075e+01
2.1100e+01
2.1125e+01
2.1150e+01
2.1175e+01
2.1200e+01
2.1225e+01
2.1250e+01
2.1275e+01
2.1300e+01
2.1325e+01
2.1350e+01
2.1375e+01
2.1400e+01
2.1425e+01
2.1450e+01
2.1475e+01
2.1500e+01
2.1525e+01
2.1550e+01
2.1575e+01
2.1600e+01
2.1625e+01
2.1650e+01
2.1675e+01
2.1700e+01
2.1725e+01
2.1750e+01
2.1775e+01
2.1800e+01
2.1825e+01
2.1850e+01
2.1875e+01
2.1900e+01
2.1925e+01
2.1950e+01
2.1975e+01
2.2000e+01
2.2025e+01
2.2050e+01
2.2075e+01
2.2100e+01
2.2125e+01
2.2150e+01
2.2175e+01
2.2200e+01
2.2225e+01
2.2250e+01
2.2275e+01
2.2300e+01
2.2325e+01
2.2350e+01
2.2375e+01
2.2400e+01
2.2425e+01
2.2450e+01
2.2475e+01
2.2500e+01
2.2525e+01
2.2550e+01
2.2575e+01
2.2600e+01
2.2625e+01
2.2650e+01
2.2675e+01
2.2700e+01
2.2725e+01
2.2750e+01
2.2775e+01
2.2800e+01
2.2825e+01
2.2850e+01
2.2875e+01
2.2900e+01
2.2925e+01
2.2950e+01
2.2975e+01
2.3000e+01
2.3025e+01
2.3050e+01
2.3075e+01
2.3100e+01
2.3125e+01
2.3150e+01
2.3175e+01
2.3200e+01
2.3225e+01
2.3250e+01
2.3275e+01
2.3300e+01
2.3325e+01
2.3350e+01
2.3375e+01
2.3400e+01
2.3425e+01
2.3450e+01
2.3475e+01
2.3500e+01
2.3525e+01
2.3550e+01
2.3575e+01
2.3600e+01
2.3625e+01
2.3650e+01
2.3675e+01
2.3700e+01
2.3725e+01
2.3750e+01
2.3775e+01
2.3800e+01
2.3825e+01
2.3850e+01
2.3875e+01
2.3900e+01
2.3925e+01
2.3950e+01
2.3975e+01
2.4000e+01
2.4025e+01
2.4050e+01
2.4075e+01
2.4100e+01
2.4125e+01
2.4150e+01
2.4175e+01
2.4200e+01
2.4225e+01
2.4250e+01
2.4275e+01
2.4300e+01
2.4325e+01
2.4350e+01
2.4375e+01
2.4400e+01
2.4425e+01
2.4450e+01
2.4475e+01
2.4500e+01
2.4525e+01
2.4550e+01
2.4575e+01
2.4600e+01
2.4625e+01
2.4650e+01
2.4675e+01
2.4700e+01
2.4725e+01
2.4750e+01
2.4775e+01
2.4800e+01
2.4825e+01
2.4850e+01
2.4875e+01
2.4900e+01
2.4925e+01
2.4950e+01
2.4975e+01
2.5000e+01
2.5025e+01
2.5050e+01
2.5075e+01
2.5100e+01
2.5125e+01
2.5150e+01
2.5175e+01
2.5200e+01
2.5225e+01
2.5250e+01
2.5275e+01
2.5300e+01
2.5325e+01
2.5350e+01
2.5375e+01
2.5400e+01
2.5425e+01
2.5450e+01
2.5475e+01
2.5500e+01
2.5525e+01
2.5550e+01
2.5575e+01
2.5600e+01
2.5625e+01
2.5650e+01
2.5675e+01
2.5700e+01
2.5725e+01
2.5750e+01
2.5775e+01
2.5800e+01
2.5825e+01
2.5850e+01
2.5875e+01
2.5900e+01
2.5925e+01
2.5950e+01
2.5975e+01
2.6000e+01
2.6025e+01
2.6050e+01
2.6075e+01
2.6100e+01
2.6125e+01
2.6150e+01
2.6175e+01
2.6200e+01
2.6225e+01
2.6250e+01
2.6275e+01
2.6300e+01
2.6325e+01
2.6350e+01
2.6375e+01
2.6400e+01
2.6425e+01
2.6450e+01
2.6475e+01
2.6500e+01
2.6525e+01
2.6550e+01
2.6575e+01
2.6600e+01
2.6625e+01
2.6650e+01
2.6675e+01
2.6700e+01
2.6725e+01
2.6750e+01
2.6775e+01
2.6800e+01
2.6825e+01
2.6850e+01
2.6875e+01
2.6900e+01
2.6925e+01
2.6950e+01
2.6975e+01
2.7000e+01
2.7025e+01
2.7050e+01
2.7075e+01
2.7100e+01
2.7125e+01
2.7150e+01
2.7175e+01
2.7200e+01
2.7225e+01
2.7250e+01
2.7275e+01
2.7300e+01
2.7325e+01
2.7350e+01
2.7375e+01
2.7400e+01
2.7425e+01
2.7450e+01
2.7475e+01
2.7500e+01
2.7525e+01
2.7550e+01
2.7575e+01
2.7600e+01
2.7625e+01
2.7650e+01
2.7675e+01
2.7700e+01
2.7725e+01
2.7750e+01
2.7775e+01
2.7800e+01
2.7825e+01
2.7850e+01
2.7875e+01
2.7900e+01
2.7925e+01
2.7950e+01
2.7975e+01
2.8000e+01
2.8025e+01
2.8050e+01
2.8075e+01
2.8100e+01
2.8125e+01
2.8150e+01
2.8175e+01
2.8200e+01
2.8225e+01
2.8250e+01
2.8275e+01
2.8300e+01
2.8325e+01
2.8350e+01
2.8375e+01
2.8400e+01
2.8425e+01
2.8450e+01
2.8475e+01
2.8500e+01
2.8525e+01
2.8550e+01
2.8575e+01
2.8600e+01
2.8625e+01
2.8650e+01
2.8675e+01
2.8700e+01
2.8725e+01
2.8750e+01
2.8775e+01
2.8800e+01
2.8825e+01
2.8850e+01
2.8875e+01
2.8900e+01
2.8925e+01
2.8950e+01
2.8975e+01
2.9000e+01
2.9025e+01
2.9050e+01
2.9075e+01
2.9100e+01
2.9125e+01
2.9150e+01
2.9175e+01
2.9200e+01
2.9225e+01
2.9250e+01
2.9275e+01
2.9300e+01
2.9325e+01
2.9350e+01
2.9375e+01
2.9400e+01
2.9425e+01
2.9450e+01
2.9475e+01
2.9500e+01
2.9525e+01
2.9550e+01
2.9575e+01
2.9600e+01
2.9625e+01
2.9650e+01
2.9675e+01
2.9700e+01
2.9725e+01
2.9750e+01
2.9775e+01
2.9800e+01
2.9825e+01
2.9850e+01
2.9875e+01
2.9900e+01
2.9925e+01
2.9950e+01
2.9975e+01
3.0000e+01
3.0025e+01
3.0050e+01
3.0075e+01
3.0100e+01
3.0125e+01
3.0150e+01
3.0175e+01
3.0200e+01
3.0225e+01
3.0250e+01
3.0275e+01
3.0300e+01
3.0325e+01
3.0350e+01
3.0375e+01
3.0400e+01
3.0425e+01
3.0450e+01
3.0475e+01
3.0500e+01
3.0525e+01
3.0550e+01
3.0575e+01
3.0600e+01
3.0625e+01
3.0650e+01
3.0675e+01
3.0700e+01
3.0725e+01
3.0750e+01
3.0775e+01
3.0800e+01
3.0825e+01
3.0850e+01
3.0875e+01
3.0900e+01
3.0925e+01
3.0950e+01
3.0975e+01
3.1000e+01
3.1025e+01
3.1050e+01
3.1075e+01
3.1100e+01
3.1125e+01
3.1150e+01
3.1175e+01
3.1200e+01
3.1225e+01
3.1250e+01
3.1275e+01
3.1300e+01
3.1325e+01
3.1350e+01
3.1375e+01
3.1400e+01
3.1425e+01
3.1450e+01
3.1475e+01
3.1500e+01
3.1525e+01
3.1550e+01
3.1575e+01
3.1600e+01
3.1625e+01
3.1650e+01
3.1675e+01
3.1700e+01
3.1725e+01
3.1750e+01
3.1775e+01
3.1800e+01
3.1825e+01
3.1850e+01
3.1875e+01
3.1900e+01
3.1925e+01
3.1950e+01
3.1975e+01
3.2000e+01
3.2025e+01
3.2050e+01
3.2075e+01
3.2100e+01
3.2125e+01
3.2150e+01
3.2175e+01
3.2200e+01
3.2225e+01
3.2250e+01
3.2275e+01
3.2300e+01
3.2325e+01
3.2350e+01
3.2375e+01
3.2400e+01
3.2425e+01
3.2450e+01
3.2475e+01
3.2500e+01
3.2525e+01
3.2550e+01
3.2575e+01
3.2600e+01
3.2625e+01
3.2650e+01
3.2675e+01
3.2700e+01
3.2725e+01
3.2750e+01
3.2775e+01
3.2800e+01
3.2825e+01
3.2850e+01
3.2875e+01
3.2900e+01
3.2925e+01
3.2950e+01
3.2975e+01
3.3000e+01
3.3025e+01
3.3050e+01
3.3075e+01
3.3100e+01
3.3125e+01
3.3150e+01
3.3175e+01
3.3200e+01
3.3225e+01
3.3250e+01
3.3275e+01
3.3300e+01
3.3325e+01
3.3350e+01
3.3375e+01
3.3400e+01
3.3425e+01
3.3450e+01
3.3475e+01
3.3500e+01
3.3525e+01
3.3550e+01
3.3575e+01
3.3600e+01
3.3625e+01
3.3650e+01
3.3675e+01
3.3700e+01
3.3725e+01
3.3750e+01
3.3775e+01
3.3800e+01
3.3825e+01
3.3850e+01
3.3875e+01
3.3900e+01
3.3925e+01
3.3950e+01
3.3975e+01
3.4000e+01
3.4025e+01
3.4050e+01
3.4075e+01
3.4100e+01
3.4125e+01
3.4150e+01
3.4175e+01
3.4200e+01
3.4225e+01
3.4250e+01
3.4275e+01
3.4300e+01
3.4325e+01
3.4350e+01
3.4375e+01
3.4400e+01
3.4425e+01
3.4450e+01
3.4475e+01
3.4500e+01
3.4525e+01
3.4550e+01
3.4575e+01
3.4600e+01
3.4625e+01
3.4650e+01
3.4675e+01
3.4700e+01
3.4725e+01
3.4750e+01
3.4775e+01
3.4800e+01
3.4825e+01
3.4850e+01
3.4875e+01
3.4900e+01
3.4925e+01
3.4950e+01
3.4975e+01
3.5000e+01
3.5025e+01
3.5050e+01
3.5075e+01
3.5100e+01
3.5125e+01
3.5150e+01
3.5175e+01
3.5200e+01
3.5225e+01
3.5250e+01
3.5275e+01
3.5300e+01
3.5325e+01
3.5350e+01
3.5375e+01
3.5400e+01
3.5425e+01
3.5450e+01
3.5475e+01
3.5500e+01
3.5525e+01
3.5550e+01
3.5575e+01
3.5600e+01
3.5625e+01
3.5650e+01
3.5675e+01
3.5700e+01
3.5725e+01
3.5750e+01
3.5775e+01
3.5800e+01
3.5825e+01
3.5850e+01
3.5875e+01
3.5900e+01
3.5925e+01
3.5950e+01
3.5975e+01
3.6000e+01
3.6025e+01
3.6050e+01
3.6075e+01
3.6100e+01
3.6125e+01
3.6150e+01
3.6175e+01
3.6200e+01
3.6225e+01
3.6250e+01
3.6275e+01
3.6300e+01
3.6325e+01
3.6350e+01
3.6375e+01
3.6400e+01
3.6425e+01
3.6450e+01
3.6475e+01
3.6500e+01
3.6525e+01
3.6550e+01
3.6575e+01
3.6600e+01
3.6625e+01
3.6650e+01
3.6675e+01
3.6700e+01
3.6725e+01
3.6750e+01
3.6775e+01
3.6800e+01
3.6825e+01
3.6850e+01
3.6875e+01
3.6900e+01
3.6925e+01
3.6950e+01
3.6975e+01
3.7000e+01
3.7025e+01
3.7050e+01
3.7075e+01
3.7100e+01
3.7125e+01
3.7150e+01
3.7175e+01
3.7200e+01
3.7225e+01
3.7250e+01
3.7275e+01
3.7300e+01
3.7325e+01
3.7350e+01
3.7375e+01
3.7400e+01
3.7425e+01
3.7450e+01
3.7475e+01
3.7500e+01
3.7525e+01
3.7550e+01
3.7575e+01
3.7600e+01
3.7625e+01
3.7650e+01
3.7675e+01
3.7700e+01
3.7725e+01
3.7750e+01
3.7775e+01
3.7800e+01
3.7825e+01
3.7850e+01
3.7875e+01
3.7900e+01
3.7925e+01
3.7950e+01
3.7975e+01
3.8000e+01
3.8025e+01
3.8050e+01
3.8075e+01
3.8100e+01
3.8125e+01
3.8150e+01
3.8175e+01
3.8200e+01
3.8225e+01
3.8250e+01
3.8275e+01
3.8300e+01
3.8325e+01
3.8350e+01
3.8375e+01
3.8400e+01
3.8425e+01
3.8450e+01
3.8475e+01
3.8500e+01
3.8525e+01
3.8550e+01
3.8575e+01
3.8600e+01
3.8625e+01
3.8650e+01
3.8675e+01
3.8700e+01
3.8725e+01
3.8750e+01
3.8775e+01
3.8800e+01
3.8825e+01
3.8850e+01
3.8875e+01
3.8900e+01
3.8925e+01
3.8950e+01
3.8975e+01
3.9000e+01
3.9025e+01
3.9050e+01
3.9075e+01
3.9100e+01
3.9125e+01
3.9150e+01
3.9175e+01
3.9200e+01
3.9225e+01
3.9250e+01
3.9275e+01
3.9300e+01
3.9325e+01
3.9350e+01
3.9375e+01
3.9400e+01
3.9425e+01
3.9450e+01
3.9475e+01
3.9500e+01
3.9525e+01
3.9550e+01
3.9575e+01
3.9600e+01
3.9625e+01
3.9650e+01
3.9675e+01
3.9700e+01
3.9725e+01
3.9750e+01
3.9775e+01
3.9800e+01
3.9825e+01
3.9850e+01
3.9875e+01
3.9900e+01
3.9925e+01
3.9950e+01
3.9975e+01
4.0000e+01
