-2.215870018332001
-2.192043458995098
-2.1682168996581948
-2.144390340321291
-2.120563780984388
-2.096737221647485
-2.0729106623105817
-2.049084102973678
-2.025257543636775
-2.001430984299872
-1.9776044249629687
-1.9537778656260654
-1.9299513062891622
-1.9061247469522589
-1.8822981876153557
-1.8584716282784524
-1.8346450689415492
-1.810818509604646
-1.7869919502677427
-1.7631653909308396
-1.7393388315939362
-1.715512272257033
-1.6916857129201297
-1.6678591535832266
-1.6440325942463234
-1.62020603490942
-1.5963794755725167
-1.5725529162356136
-1.5487263568987104
-1.5248997975618073
-1.5010732382249037
-1.4772466788880005
-1.4534201195510974
-1.4295935602141943
-1.4057670008772911
-1.3819404415403875
-1.3581138822034844
-1.3342873228665812
-1.310460763529678
-1.2866342041927745
-1.2628076448558714
-1.2389810855189682
-1.215154526182065
-1.1913279668451617
-1.1675014075082584
-1.1436748481713552
-1.119848288834452
-1.096021729497549
-1.0721951701606456
-1.0483686108237422
-1.024542051486839
-1.000715492149936
-0.9768889328130326
-0.9530623734761292
-0.9292358141392261
-0.9054092548023229
-0.8815826954654198
-0.8577561361285164
-0.8339295767916133
-0.8101030174547101
-0.7862764581178066
-0.7624498987809034
-0.7386233394440003
-0.7147967801070969
-0.6909702207701938
-0.6671436614332906
-0.6433171020963873
-0.6194905427594841
-0.595663983422581
-0.5718374240856774
-0.5480108647487743
-0.5241843054118711
-0.5003577460749677
-0.4765311867380646
-0.45270462740116146
-0.4288780680642581
-0.40505150872735496
-0.3812249493904518
-0.35739839005354823
-0.3335718307166451
-0.30974527137974195
-0.2859187120428386
-0.26209215270593544
-0.2382655933690323
-0.21443903403212916
-0.19061247469522602
-0.16678591535832243
-0.1429593560214193
-0.11913279668451571
-0.09530623734761257
-0.07147967801070942
-0.04765311867380628
-0.02382655933690314
0.
0.02382655933690314
0.04765311867380673
0.07147967801070987
0.09530623734761345
0.1191327966845166
0.14295935602141974
0.16678591535832288
0.19061247469522602
0.21443903403212916
0.2382655933690323
0.2620921527059359
0.28591871204283903
0.3097452713797426
0.33357183071664576
0.3573983900535489
0.38122494939045204
0.4050515087273552
0.4288780680642583
0.45270462740116146
0.47653118673806505
0.5003577460749682
0.5241843054118718
0.5480108647487745
0.5718374240856776
0.5956639834225808
0.6194905427594848
0.6433171020963879
0.6671436614332911
0.6909702207701942
0.7147967801070974
0.7386233394440005
0.7624498987809041
0.7862764581178072
0.8101030174547104
0.8339295767916135
0.8577561361285166
0.8815826954654198
0.9054092548023234
0.9292358141392265
0.9530623734761297
0.9768889328130328
1.000715492149936
1.024542051486839
1.0483686108237422
1.0721951701606462
1.0960217294975494
1.1198482888344525
1.1436748481713557
1.1675014075082588
1.1913279668451624
1.2151545261820655
1.2389810855189687
1.2628076448558718
1.286634204192775
1.310460763529678
1.3342873228665812
1.3581138822034848
1.381940441540388
1.4057670008772911
1.4295935602141943
1.4534201195510974
1.4772466788880005
1.5010732382249046
1.5248997975618077
1.5487263568987109
1.572552916235614
1.5963794755725171
1.6202060349094207
1.6440325942463239
1.667859153583227
1.6916857129201301
1.7155122722570333
1.7393388315939364
1.7631653909308396
1.7869919502677427
1.8108185096046463
1.834645068941549
1.8584716282784526
1.8822981876153562
1.9061247469522589
1.9299513062891624
1.953777865626066
1.9776044249629696
2.0014309842998723
2.025257543636776
2.0490841029736786
2.072910662310582
2.096737221647485
2.1205637809843885
2.144390340321292
2.1682168996581948
2.1920434589950983
2.215870018332001