-1.9189997273598025
-1.8976775081669157
-1.8763552889740291
-1.8550330697811424
-1.8337108505882558
-1.812388631395369
-1.7910664122024824
-1.7697441930095956
-1.748421973816709
-1.7270997546238223
-1.7057775354309355
-1.684455316238049
-1.663133097045162
-1.6418108778522755
-1.6204886586593887
-1.5991664394665022
-1.5778442202736154
-1.5565220010807286
-1.535199781887842
-1.5138775626949554
-1.4925553435020686
-1.4712331243091819
-1.4499109051162953
-1.4285886859234085
-1.4072664667305217
-1.3859442475376351
-1.3646220283447485
-1.3432998091518618
-1.321977589958975
-1.3006553707660884
-1.2793331515732018
-1.2580109323803148
-1.2366887131874282
-1.2153664939945417
-1.1940442748016549
-1.172722055608768
-1.1513998364158815
-1.1300776172229947
-1.1087553980301081
-1.0874331788372213
-1.0661109596443348
-1.044788740451448
-1.0234665212585612
-1.0021443020656746
-0.9808220828727879
-0.9594998636799011
-0.9381776444870145
-0.9168554252941277
-0.8955332061012411
-0.8742109869083545
-0.8528887677154677
-0.8315665485225812
-0.8102443293296944
-0.7889221101368076
-0.767599890943921
-0.7462776717510342
-0.7249554525581476
-0.7036332333652608
-0.682311014172374
-0.6609887949794875
-0.6396665757866009
-0.6183443565937141
-0.5970221374008273
-0.5756999182079408
-0.554377699015054
-0.5330554798221674
-0.5117332606292806
-0.490411041436394
-0.46908882224350723
-0.44776660305062066
-0.42644438385773364
-0.4051221646648473
-0.3837999454719603
-0.3624777262790737
-0.3411555070861869
-0.31983328789330034
-0.2985110687004138
-0.277188849507527
-0.2558666303146404
-0.23454441112175362
-0.21322219192886704
-0.19189997273598003
-0.17057775354309346
-0.14925553435020666
-0.1279333151573201
-0.1066110959644333
-0.08528887677154673
-0.06396665757866016
-0.042644438385773364
-0.021322219192886793
2.220446049250313e-16
0.021322219192886793
0.042644438385773586
0.06396665757866016
0.08528887677154717
0.10661109596443374
0.12793331515732032
0.1492555343502069
0.17057775354309346
0.19189997273598047
0.21322219192886704
0.23454441112175362
0.2558666303146402
0.2771888495075272
0.2985110687004138
0.3198332878933008
0.34115550708618736
0.36247772627907393
0.3837999454719605
0.4051221646648471
0.4264443838577341
0.44776660305062066
0.46908882224350723
0.4904110414363938
0.5117332606292808
0.5330554798221674
0.5543776990150544
0.575699918207941
0.5970221374008275
0.6183443565937141
0.6396665757866007
0.6609887949794877
0.6823110141723743
0.7036332333652613
0.7249554525581479
0.7462776717510344
0.767599890943921
0.788922110136808
0.8102443293296946
0.8315665485225812
0.8528887677154677
0.8742109869083543
0.8955332061012413
0.9168554252941279
0.9381776444870145
0.9594998636799015
0.980822082872788
1.0021443020656746
1.0234665212585612
1.0447887404514478
1.0661109596443352
1.0874331788372218
1.108755398030108
1.1300776172229945
1.151399836415882
1.1727220556087685
1.194044274801655
1.2153664939945417
1.2366887131874287
1.2580109323803152
1.2793331515732018
1.3006553707660884
1.321977589958975
1.343299809151862
1.3646220283447485
1.3859442475376351
1.4072664667305217
1.4285886859234092
1.4499109051162953
1.4712331243091819
1.4925553435020684
1.513877562694955
1.5351997818878425
1.556522001080729
1.5778442202736156
1.5991664394665022
1.6204886586593892
1.6418108778522758
1.6631330970451623
1.684455316238049
1.705777535430936
1.7270997546238225
1.748421973816709
1.7697441930095956
1.7910664122024822
1.8123886313953692
1.8337108505882558
1.8550330697811424
1.876355288974029
1.8976775081669164
1.918999727359803