0.0000e+00
1.7647e-01
3.5294e-01
5.2941e-01
7.0588e-01
8.8235e-01
1.0588e+00
1.2353e+00
1.4118e+00
1.5882e+00
1.7647e+00
1.9412e+00
2.1176e+00
2.2941e+00
2.4706e+00
2.6471e+00
2.8235e+00
3.0000e+00
3.1765e+00
3.3529e+00
3.5294e+00
3.7059e+00
3.8824e+00
4.0588e+00
4.2353e+00
4.4118e+00
4.5882e+00
4.7647e+00
4.9412e+00
5.1176e+00
5.2941e+00
5.4706e+00
5.6471e+00
5.8235e+00
6.0000e+00
6.1765e+00
6.3529e+00
6.5294e+00
6.7059e+00
6.8824e+00
7.0588e+00
7.2353e+00
7.4118e+00
7.5882e+00
7.7647e+00
7.9412e+00
8.1176e+00
8.2941e+00
8.4706e+00
8.6471e+00
8.8235e+00
9.0000e+00
